% Dinn5 settings , t1, t2, t3, t4, tm, tp, eps, step, IntLimit
%   0.000000E+000  0.000000E+000  0.000000E+000  0.000000E+000  0.200000E-001  0.000000E+000  0.100000E-005  0.100000E-001  0.100000E+006
% 1) x, 2) z, 3) re(u), 4) im(u), 5) abs(u)
  0.000000E+000  0.000000E+000  0.000000E+000  0.000000E+000  0.000000E+000
  0.100000E-003  0.000000E+000  0.293931E-019 -0.102198E-022  0.293931E-019
  0.200000E-003  0.000000E+000  0.117568E-018 -0.408763E-022  0.117568E-018
  0.300000E-003  0.000000E+000  0.264514E-018 -0.919616E-022  0.264514E-018
  0.400000E-003  0.000000E+000  0.470211E-018 -0.163462E-021  0.470211E-018
  0.500000E-003  0.000000E+000  0.734632E-018 -0.255359E-021  0.734632E-018
  0.600000E-003  0.000000E+000  0.105774E-017 -0.367628E-021  0.105774E-017
  0.700000E-003  0.000000E+000  0.143950E-017 -0.500238E-021  0.143950E-017
  0.800000E-003  0.000000E+000  0.187985E-017 -0.653156E-021  0.187985E-017
  0.900000E-003  0.000000E+000  0.237874E-017 -0.826341E-021  0.237874E-017
  0.100000E-002  0.000000E+000  0.293610E-017 -0.101975E-020  0.293610E-017
  0.110000E-002  0.000000E+000  0.355186E-017 -0.123332E-020  0.355186E-017
  0.120000E-002  0.000000E+000  0.422593E-017 -0.146701E-020  0.422593E-017
  0.130000E-002  0.000000E+000  0.495823E-017 -0.172075E-020  0.495823E-017
  0.140000E-002  0.000000E+000  0.574866E-017 -0.199447E-020  0.574866E-017
  0.150000E-002  0.000000E+000  0.659712E-017 -0.228810E-020  0.659712E-017
  0.160000E-002  0.000000E+000  0.750349E-017 -0.260157E-020  0.750349E-017
  0.170000E-002  0.000000E+000  0.846765E-017 -0.293478E-020  0.846765E-017
  0.180000E-002  0.000000E+000  0.948948E-017 -0.328766E-020  0.948948E-017
  0.190000E-002  0.000000E+000  0.105688E-016 -0.366011E-020  0.105688E-016
  0.200000E-002  0.000000E+000  0.117056E-016 -0.405202E-020  0.117056E-016
  0.210000E-002  0.000000E+000  0.128996E-016 -0.446330E-020  0.128996E-016
  0.220000E-002  0.000000E+000  0.141506E-016 -0.489383E-020  0.141506E-016
  0.230000E-002  0.000000E+000  0.154586E-016 -0.534351E-020  0.154586E-016
  0.240000E-002  0.000000E+000  0.168233E-016 -0.581221E-020  0.168233E-016
  0.250000E-002  0.000000E+000  0.182446E-016 -0.629980E-020  0.182446E-016
  0.260000E-002  0.000000E+000  0.197222E-016 -0.680616E-020  0.197222E-016
  0.270000E-002  0.000000E+000  0.212561E-016 -0.733114E-020  0.212561E-016
  0.280000E-002  0.000000E+000  0.228458E-016 -0.787462E-020  0.228459E-016
  0.290000E-002  0.000000E+000  0.244914E-016 -0.843645E-020  0.244914E-016
  0.300000E-002  0.000000E+000  0.261925E-016 -0.901647E-020  0.261925E-016
  0.310000E-002  0.000000E+000  0.279489E-016 -0.961454E-020  0.279489E-016
  0.320000E-002  0.000000E+000  0.297604E-016 -0.102305E-019  0.297604E-016
  0.330000E-002  0.000000E+000  0.316268E-016 -0.108641E-019  0.316268E-016
  0.340000E-002  0.000000E+000  0.335478E-016 -0.115153E-019  0.335478E-016
  0.350000E-002  0.000000E+000  0.355231E-016 -0.121839E-019  0.355231E-016
  0.360000E-002  0.000000E+000  0.375524E-016 -0.128697E-019  0.375524E-016
  0.370000E-002  0.000000E+000  0.396357E-016 -0.135725E-019  0.396357E-016
  0.380000E-002  0.000000E+000  0.417724E-016 -0.142921E-019  0.417724E-016
  0.390000E-002  0.000000E+000  0.439624E-016 -0.150283E-019  0.439624E-016
  0.400000E-002  0.000000E+000  0.462054E-016 -0.157810E-019  0.462054E-016
  0.410000E-002  0.000000E+000  0.485010E-016 -0.165498E-019  0.485010E-016
  0.420000E-002  0.000000E+000  0.508490E-016 -0.173347E-019  0.508490E-016
  0.430000E-002  0.000000E+000  0.532491E-016 -0.181354E-019  0.532491E-016
  0.440000E-002  0.000000E+000  0.557009E-016 -0.189517E-019  0.557009E-016
  0.450000E-002  0.000000E+000  0.582041E-016 -0.197834E-019  0.582041E-016
  0.460000E-002  0.000000E+000  0.607584E-016 -0.206302E-019  0.607584E-016
  0.470000E-002  0.000000E+000  0.633635E-016 -0.214919E-019  0.633635E-016
  0.480000E-002  0.000000E+000  0.660189E-016 -0.223683E-019  0.660189E-016
  0.490000E-002  0.000000E+000  0.687244E-016 -0.232591E-019  0.687244E-016
  0.500000E-002  0.000000E+000  0.714796E-016 -0.241641E-019  0.714796E-016
  0.510000E-002  0.000000E+000  0.742841E-016 -0.250831E-019  0.742841E-016
  0.520000E-002  0.000000E+000  0.771376E-016 -0.260158E-019  0.771376E-016
  0.530000E-002  0.000000E+000  0.800396E-016 -0.269620E-019  0.800396E-016
  0.540000E-002  0.000000E+000  0.829899E-016 -0.279213E-019  0.829899E-016
  0.550000E-002  0.000000E+000  0.859879E-016 -0.288935E-019  0.859879E-016
  0.560000E-002  0.000000E+000  0.890333E-016 -0.298784E-019  0.890333E-016
  0.570000E-002  0.000000E+000  0.921258E-016 -0.308757E-019  0.921258E-016
  0.580000E-002  0.000000E+000  0.952648E-016 -0.318851E-019  0.952648E-016
  0.590000E-002  0.000000E+000  0.984501E-016 -0.329064E-019  0.984501E-016
  0.600000E-002  0.000000E+000  0.101681E-015 -0.339392E-019  0.101681E-015
  0.610000E-002  0.000000E+000  0.104957E-015 -0.349832E-019  0.104957E-015
  0.620000E-002  0.000000E+000  0.108279E-015 -0.360383E-019  0.108279E-015
  0.630000E-002  0.000000E+000  0.111644E-015 -0.371040E-019  0.111644E-015
  0.640000E-002  0.000000E+000  0.115054E-015 -0.381801E-019  0.115054E-015
  0.650000E-002  0.000000E+000  0.118507E-015 -0.392664E-019  0.118507E-015
  0.660000E-002  0.000000E+000  0.122003E-015 -0.403624E-019  0.122003E-015
  0.670000E-002  0.000000E+000  0.125542E-015 -0.414679E-019  0.125542E-015
  0.680000E-002  0.000000E+000  0.129124E-015 -0.425825E-019  0.129124E-015
  0.690000E-002  0.000000E+000  0.132746E-015 -0.437061E-019  0.132746E-015
  0.700000E-002  0.000000E+000  0.136410E-015 -0.448381E-019  0.136410E-015
  0.710000E-002  0.000000E+000  0.140115E-015 -0.459784E-019  0.140115E-015
  0.720000E-002  0.000000E+000  0.143860E-015 -0.471266E-019  0.143860E-015
  0.730000E-002  0.000000E+000  0.147645E-015 -0.482824E-019  0.147645E-015
  0.740000E-002  0.000000E+000  0.151469E-015 -0.494455E-019  0.151469E-015
  0.750000E-002  0.000000E+000  0.155332E-015 -0.506155E-019  0.155332E-015
  0.760000E-002  0.000000E+000  0.159233E-015 -0.517920E-019  0.159233E-015
  0.770000E-002  0.000000E+000  0.163172E-015 -0.529749E-019  0.163172E-015
  0.780000E-002  0.000000E+000  0.167147E-015 -0.541636E-019  0.167147E-015
  0.790000E-002  0.000000E+000  0.171160E-015 -0.553579E-019  0.171160E-015
  0.800000E-002  0.000000E+000  0.175209E-015 -0.565575E-019  0.175209E-015
  0.810000E-002  0.000000E+000  0.179293E-015 -0.577619E-019  0.179293E-015
  0.820000E-002  0.000000E+000  0.183412E-015 -0.589709E-019  0.183412E-015
  0.830000E-002  0.000000E+000  0.187566E-015 -0.601841E-019  0.187566E-015
  0.840000E-002  0.000000E+000  0.191754E-015 -0.614012E-019  0.191754E-015
  0.850000E-002  0.000000E+000  0.195975E-015 -0.626217E-019  0.195975E-015
  0.860000E-002  0.000000E+000  0.200229E-015 -0.638454E-019  0.200229E-015
  0.870000E-002  0.000000E+000  0.204516E-015 -0.650718E-019  0.204516E-015
  0.880000E-002  0.000000E+000  0.208834E-015 -0.663006E-019  0.208834E-015
  0.890000E-002  0.000000E+000  0.213183E-015 -0.675315E-019  0.213183E-015
  0.900000E-002  0.000000E+000  0.217563E-015 -0.687641E-019  0.217563E-015
  0.910000E-002  0.000000E+000  0.221973E-015 -0.699981E-019  0.221973E-015
  0.920000E-002  0.000000E+000  0.226412E-015 -0.712330E-019  0.226412E-015
  0.930000E-002  0.000000E+000  0.230880E-015 -0.724684E-019  0.230880E-015
  0.940000E-002  0.000000E+000  0.235376E-015 -0.737042E-019  0.235376E-015
  0.950000E-002  0.000000E+000  0.239900E-015 -0.749397E-019  0.239900E-015
  0.960000E-002  0.000000E+000  0.244451E-015 -0.761748E-019  0.244451E-015
  0.970000E-002  0.000000E+000  0.249028E-015 -0.774089E-019  0.249028E-015
  0.980000E-002  0.000000E+000  0.253632E-015 -0.786418E-019  0.253632E-015
  0.990000E-002  0.000000E+000  0.258260E-015 -0.798730E-019  0.258260E-015
